166 164 165 
166 163 164 
222 383 385 
222 385 386 
222 386 163 
222 163 166 
222 166 167 
222 167 168 
168 169 186 
168 186 187 
222 168 187 
222 187 188 
222 188 221 
158 163 386 
397 158 386 
397 386 396 
383 384 385 
222 382 383 
223 380 382 
223 382 222 
380 381 382 
223 379 380 
226 379 223 
226 223 224 
226 224 225 
226 378 379 
227 378 226 
378 227 228 
228 229 377 
378 228 377 
230 239 376 
230 376 377 
230 377 229 
376 239 374 
375 376 374 
230 231 235 
239 230 235 
239 235 236 
236 237 238 
239 236 238 
231 234 235 
232 234 231 
232 233 234 
240 373 374 
240 374 239 
373 240 371 
372 373 371 
348 370 371 
241 348 371 
241 371 240 
370 348 368 
369 370 368 
241 347 348 
242 347 241 
242 346 347 
243 346 242 
346 243 244 
346 244 345 
246 345 244 
246 244 245 
345 246 247 
345 247 341 
345 341 343 
345 343 344 
341 247 248 
341 248 250 
341 250 303 
341 303 304 
341 304 306 
341 306 340 
341 342 343 
248 249 250 
251 252 302 
302 303 250 
251 302 250 
304 305 306 
311 340 306 
307 311 306 
340 311 312 
340 312 339 
311 307 308 
308 309 310 
311 308 310 
313 339 312 
313 338 339 
314 338 313 
315 338 314 
315 316 326 
338 315 326 
338 326 331 
338 331 332 
338 332 337 
326 316 317 
326 317 319 
326 319 320 
326 320 322 
326 322 323 
326 323 325 
329 331 326 
329 326 328 
336 337 332 
333 336 332 
336 333 334 
336 334 335 
326 327 328 
329 330 331 
317 318 319 
320 321 322 
323 324 325 
302 252 284 
302 284 285 
302 285 290 
302 290 291 
302 291 293 
302 293 301 
253 284 252 
289 290 285 
286 289 285 
291 292 293 
294 300 301 
294 301 293 
294 299 300 
295 299 294 
295 298 299 
296 298 295 
296 297 298 
286 288 289 
286 287 288 
284 253 254 
254 255 256 
284 254 256 
284 256 257 
257 258 259 
284 257 259 
284 259 260 
260 261 282 
284 260 282 
284 282 283 
262 263 273 
262 273 274 
274 278 279 
280 282 261 
279 280 261 
274 279 261 
262 274 261 
280 281 282 
274 277 278 
273 263 264 
273 264 266 
273 266 267 
273 267 269 
273 269 270 
273 270 272 
264 265 266 
267 268 269 
270 271 272 
275 277 274 
275 276 277 
349 368 348 
358 359 360 
358 360 361 
364 365 367 
362 364 367 
361 362 367 
367 368 349 
361 367 349 
361 349 357 
358 361 357 
356 357 349 
351 356 349 
350 351 349 
356 351 352 
356 352 353 
356 353 355 
353 354 355 
365 366 367 
362 363 364 
163 158 159 
163 159 161 
163 161 162 
158 397 457 
158 457 458 
158 458 459 
460 461 155 
155 156 157 
460 155 157 
459 460 157 
158 459 157 
398 457 397 
461 154 155 
462 154 461 
16 154 462 
16 462 2 
16 2 3 
16 3 14 
16 14 15 
462 1 2 
5 14 3 
4 5 3 
14 5 6 
14 6 13 
7 12 13 
7 13 6 
12 7 8 
12 8 9 
12 9 11 
9 10 11 
154 16 17 
154 17 20 
154 20 21 
21 25 26 
154 21 26 
154 26 27 
27 51 52 
27 52 151 
154 27 151 
154 151 152 
154 152 153 
17 19 20 
21 24 25 
51 27 28 
51 28 29 
29 30 31 
51 29 31 
51 31 32 
32 33 34 
51 32 34 
51 34 35 
35 36 49 
51 35 49 
51 49 50 
151 52 53 
151 53 58 
151 58 59 
151 59 61 
151 61 64 
151 64 65 
151 65 150 
55 57 58 
54 55 58 
54 58 53 
59 60 61 
62 64 61 
66 143 144 
66 144 149 
149 150 65 
66 149 65 
149 144 145 
149 145 146 
149 146 148 
143 66 67 
67 69 70 
67 70 142 
143 67 142 
67 68 69 
79 141 142 
79 142 70 
79 70 78 
141 79 91 
141 91 140 
80 81 90 
90 91 79 
80 90 79 
92 140 91 
140 92 93 
93 94 95 
140 93 95 
140 95 96 
96 97 98 
140 96 98 
140 98 99 
99 100 138 
140 99 138 
140 138 139 
101 138 100 
138 101 102 
138 102 104 
138 104 105 
138 105 107 
138 107 108 
108 110 136 
138 108 136 
138 136 137 
102 103 104 
105 106 107 
108 109 110 
111 136 110 
136 111 113 
136 113 114 
136 114 116 
136 116 117 
117 119 130 
117 130 131 
117 131 134 
136 117 134 
136 134 135 
111 112 113 
114 115 116 
117 118 119 
130 119 120 
130 120 121 
121 122 123 
130 121 123 
130 123 124 
124 125 126 
130 124 126 
130 126 127 
127 128 129 
130 127 129 
133 134 131 
133 131 132 
81 89 90 
82 89 81 
82 83 88 
89 82 88 
84 87 88 
84 88 83 
84 86 87 
84 85 86 
71 78 70 
71 77 78 
72 77 71 
77 72 73 
77 73 74 
77 74 76 
74 75 76 
146 147 148 
62 63 64 
55 56 57 
38 47 48 
48 49 36 
38 48 36 
37 38 36 
47 38 45 
47 45 46 
39 45 38 
39 44 45 
40 44 39 
44 40 41 
44 41 43 
41 42 43 
22 24 21 
22 23 24 
17 18 19 
398 452 456 
457 398 456 
398 451 452 
453 456 452 
453 455 456 
453 454 455 
399 451 398 
399 450 451 
400 401 450 
400 450 399 
450 401 403 
440 450 403 
440 403 439 
450 440 441 
450 441 443 
450 443 444 
450 444 446 
450 446 447 
450 447 449 
441 442 443 
444 445 446 
447 448 449 
401 402 403 
404 406 430 
404 430 431 
431 433 435 
404 431 435 
404 435 437 
404 437 439 
404 439 403 
437 438 439 
435 436 437 
433 434 435 
431 432 433 
430 406 415 
430 415 416 
430 416 428 
430 428 429 
404 405 406 
409 412 414 
407 409 414 
407 414 415 
407 415 406 
417 428 416 
417 418 426 
428 417 426 
428 426 427 
421 426 418 
421 418 420 
418 419 420 
421 425 426 
423 425 421 
422 423 421 
423 424 425 
412 413 414 
409 411 412 
407 408 409 
409 410 411 
159 160 161 
387 396 386 
387 395 396 
388 395 387 
395 388 392 
395 392 394 
389 392 388 
392 393 394 
389 391 392 
389 390 391 
170 186 169 
189 217 221 
189 221 188 
218 221 217 
217 189 196 
217 196 197 
217 197 216 
190 196 189 
198 216 197 
198 199 200 
216 198 200 
216 200 214 
216 214 215 
201 214 200 
214 201 202 
203 205 206 
203 206 212 
202 203 212 
214 202 212 
214 212 213 
203 204 205 
208 212 206 
208 206 207 
212 208 209 
212 209 211 
209 210 211 
190 191 192 
196 190 192 
196 192 193 
193 194 195 
196 193 195 
218 220 221 
218 219 220 
170 185 186 
182 183 185 
171 182 185 
171 185 170 
183 184 185 
182 171 172 
182 172 173 
173 174 175 
182 173 175 
182 175 176 
176 177 178 
182 176 178 
182 178 179 
179 180 181 
182 179 181 
TOTAL NUMBER= 460